2.890000 2.890000 2.380000 2.890000 2.890000 2.890000 2.890000 2.890000 2.890000 2.890000 2.890000 2.380000 2.890000 2.890000 2.380000 2.380000 2.380000 2.890000 2.890000 2.380000 2.890000 2.380000 2.890000 2.890000 2.380000 2.380000 2.380000 2.890000 2.380000 2.380000 2.890000 2.890000 2.380000 2.890000 2.890000 2.890000 2.890000 2.890000 2.890000 2.890000 2.890000 2.380000 2.890000 2.890000 2.380000 2.380000 2.380000 2.890000 2.890000 2.380000 2.890000 2.380000 2.890000 2.890000 2.380000 2.380000 2.380000 2.890000 2.380000 2.380000 
2.890000 2.890000 2.380000 2.890000 2.890000 2.890000 2.890000 2.890000 2.890000 2.890000 2.890000 2.380000 2.890000 2.890000 2.380000 2.380000 2.380000 2.890000 2.890000 2.380000 2.890000 2.380000 2.890000 2.890000 2.380000 2.380000 2.380000 2.890000 2.380000 2.380000 2.890000 2.890000 2.380000 2.890000 2.890000 2.890000 2.890000 2.890000 2.890000 2.890000 2.890000 2.380000 2.890000 2.890000 2.380000 2.380000 2.380000 2.890000 2.890000 2.380000 2.890000 2.380000 2.890000 2.890000 2.380000 2.380000 2.380000 2.890000 2.380000 2.380000 
2.380000 2.380000 1.870000 2.380000 2.380000 2.380000 2.380000 2.380000 2.380000 2.380000 2.380000 1.870000 2.380000 2.380000 1.870000 1.870000 1.870000 2.380000 2.380000 1.870000 2.380000 1.870000 2.380000 2.380000 1.870000 1.870000 1.870000 2.380000 1.870000 1.870000 2.380000 2.380000 1.870000 2.380000 2.380000 2.380000 2.380000 2.380000 2.380000 2.380000 2.380000 1.870000 2.380000 2.380000 1.870000 1.870000 1.870000 2.380000 2.380000 1.870000 2.380000 1.870000 2.380000 2.380000 1.870000 1.870000 1.870000 2.380000 1.870000 1.870000 
2.890000 2.890000 2.380000 2.890000 2.890000 2.890000 2.890000 2.890000 2.890000 2.890000 2.890000 2.380000 2.890000 2.890000 2.380000 2.380000 2.380000 2.890000 2.890000 2.380000 2.890000 2.380000 2.890000 2.890000 2.380000 2.380000 2.380000 2.890000 2.380000 2.380000 2.890000 2.890000 2.380000 2.890000 2.890000 2.890000 2.890000 2.890000 2.890000 2.890000 2.890000 2.380000 2.890000 2.890000 2.380000 2.380000 2.380000 2.890000 2.890000 2.380000 2.890000 2.380000 2.890000 2.890000 2.380000 2.380000 2.380000 2.890000 2.380000 2.380000 
2.890000 2.890000 2.380000 2.890000 2.890000 2.890000 2.890000 2.890000 2.890000 2.890000 2.890000 2.380000 2.890000 2.890000 2.380000 2.380000 2.380000 2.890000 2.890000 2.380000 2.890000 2.380000 2.890000 2.890000 2.380000 2.380000 2.380000 2.890000 2.380000 2.380000 2.890000 2.890000 2.380000 2.890000 2.890000 2.890000 2.890000 2.890000 2.890000 2.890000 2.890000 2.380000 2.890000 2.890000 2.380000 2.380000 2.380000 2.890000 2.890000 2.380000 2.890000 2.380000 2.890000 2.890000 2.380000 2.380000 2.380000 2.890000 2.380000 2.380000 
2.890000 2.890000 2.380000 2.890000 2.890000 2.890000 2.890000 2.890000 2.890000 2.890000 2.890000 2.380000 2.890000 2.890000 2.380000 2.380000 2.380000 2.890000 2.890000 2.380000 2.890000 2.380000 2.890000 2.890000 2.380000 2.380000 2.380000 2.890000 2.380000 2.380000 2.890000 2.890000 2.380000 2.890000 2.890000 2.890000 2.890000 2.890000 2.890000 2.890000 2.890000 2.380000 2.890000 2.890000 2.380000 2.380000 2.380000 2.890000 2.890000 2.380000 2.890000 2.380000 2.890000 2.890000 2.380000 2.380000 2.380000 2.890000 2.380000 2.380000 
2.890000 2.890000 2.380000 2.890000 2.890000 2.890000 2.890000 2.890000 2.890000 2.890000 2.890000 2.380000 2.890000 2.890000 2.380000 2.380000 2.380000 2.890000 2.890000 2.380000 2.890000 2.380000 2.890000 2.890000 2.380000 2.380000 2.380000 2.890000 2.380000 2.380000 2.890000 2.890000 2.380000 2.890000 2.890000 2.890000 2.890000 2.890000 2.890000 2.890000 2.890000 2.380000 2.890000 2.890000 2.380000 2.380000 2.380000 2.890000 2.890000 2.380000 2.890000 2.380000 2.890000 2.890000 2.380000 2.380000 2.380000 2.890000 2.380000 2.380000 
2.890000 2.890000 2.380000 2.890000 2.890000 2.890000 2.890000 2.890000 2.890000 2.890000 2.890000 2.380000 2.890000 2.890000 2.380000 2.380000 2.380000 2.890000 2.890000 2.380000 2.890000 2.380000 2.890000 2.890000 2.380000 2.380000 2.380000 2.890000 2.380000 2.380000 2.890000 2.890000 2.380000 2.890000 2.890000 2.890000 2.890000 2.890000 2.890000 2.890000 2.890000 2.380000 2.890000 2.890000 2.380000 2.380000 2.380000 2.890000 2.890000 2.380000 2.890000 2.380000 2.890000 2.890000 2.380000 2.380000 2.380000 2.890000 2.380000 2.380000 
2.890000 2.890000 2.380000 2.890000 2.890000 2.890000 2.890000 2.890000 2.890000 2.890000 2.890000 2.380000 2.890000 2.890000 2.380000 2.380000 2.380000 2.890000 2.890000 2.380000 2.890000 2.380000 2.890000 2.890000 2.380000 2.380000 2.380000 2.890000 2.380000 2.380000 2.890000 2.890000 2.380000 2.890000 2.890000 2.890000 2.890000 2.890000 2.890000 2.890000 2.890000 2.380000 2.890000 2.890000 2.380000 2.380000 2.380000 2.890000 2.890000 2.380000 2.890000 2.380000 2.890000 2.890000 2.380000 2.380000 2.380000 2.890000 2.380000 2.380000 
2.890000 2.890000 2.380000 2.890000 2.890000 2.890000 2.890000 2.890000 2.890000 2.890000 2.890000 2.380000 2.890000 2.890000 2.380000 2.380000 2.380000 2.890000 2.890000 2.380000 2.890000 2.380000 2.890000 2.890000 2.380000 2.380000 2.380000 2.890000 2.380000 2.380000 2.890000 2.890000 2.380000 2.890000 2.890000 2.890000 2.890000 2.890000 2.890000 2.890000 2.890000 2.380000 2.890000 2.890000 2.380000 2.380000 2.380000 2.890000 2.890000 2.380000 2.890000 2.380000 2.890000 2.890000 2.380000 2.380000 2.380000 2.890000 2.380000 2.380000 
2.890000 2.890000 2.380000 2.890000 2.890000 2.890000 2.890000 2.890000 2.890000 2.890000 2.890000 2.380000 2.890000 2.890000 2.380000 2.380000 2.380000 2.890000 2.890000 2.380000 2.890000 2.380000 2.890000 2.890000 2.380000 2.380000 2.380000 2.890000 2.380000 2.380000 2.890000 2.890000 2.380000 2.890000 2.890000 2.890000 2.890000 2.890000 2.890000 2.890000 2.890000 2.380000 2.890000 2.890000 2.380000 2.380000 2.380000 2.890000 2.890000 2.380000 2.890000 2.380000 2.890000 2.890000 2.380000 2.380000 2.380000 2.890000 2.380000 2.380000 
2.380000 2.380000 1.870000 2.380000 2.380000 2.380000 2.380000 2.380000 2.380000 2.380000 2.380000 1.870000 2.380000 2.380000 1.870000 1.870000 1.870000 2.380000 2.380000 1.870000 2.380000 1.870000 2.380000 2.380000 1.870000 1.870000 1.870000 2.380000 1.870000 1.870000 2.380000 2.380000 1.870000 2.380000 2.380000 2.380000 2.380000 2.380000 2.380000 2.380000 2.380000 1.870000 2.380000 2.380000 1.870000 1.870000 1.870000 2.380000 2.380000 1.870000 2.380000 1.870000 2.380000 2.380000 1.870000 1.870000 1.870000 2.380000 1.870000 1.870000 
2.890000 2.890000 2.380000 2.890000 2.890000 2.890000 2.890000 2.890000 2.890000 2.890000 2.890000 2.380000 2.890000 2.890000 2.380000 2.380000 2.380000 2.890000 2.890000 2.380000 2.890000 2.380000 2.890000 2.890000 2.380000 2.380000 2.380000 2.890000 2.380000 2.380000 2.890000 2.890000 2.380000 2.890000 2.890000 2.890000 2.890000 2.890000 2.890000 2.890000 2.890000 2.380000 2.890000 2.890000 2.380000 2.380000 2.380000 2.890000 2.890000 2.380000 2.890000 2.380000 2.890000 2.890000 2.380000 2.380000 2.380000 2.890000 2.380000 2.380000 
2.890000 2.890000 2.380000 2.890000 2.890000 2.890000 2.890000 2.890000 2.890000 2.890000 2.890000 2.380000 2.890000 2.890000 2.380000 2.380000 2.380000 2.890000 2.890000 2.380000 2.890000 2.380000 2.890000 2.890000 2.380000 2.380000 2.380000 2.890000 2.380000 2.380000 2.890000 2.890000 2.380000 2.890000 2.890000 2.890000 2.890000 2.890000 2.890000 2.890000 2.890000 2.380000 2.890000 2.890000 2.380000 2.380000 2.380000 2.890000 2.890000 2.380000 2.890000 2.380000 2.890000 2.890000 2.380000 2.380000 2.380000 2.890000 2.380000 2.380000 
2.380000 2.380000 1.870000 2.380000 2.380000 2.380000 2.380000 2.380000 2.380000 2.380000 2.380000 1.870000 2.380000 2.380000 1.870000 1.870000 1.870000 2.380000 2.380000 1.870000 2.380000 1.870000 2.380000 2.380000 1.870000 1.870000 1.870000 2.380000 1.870000 1.870000 2.380000 2.380000 1.870000 2.380000 2.380000 2.380000 2.380000 2.380000 2.380000 2.380000 2.380000 1.870000 2.380000 2.380000 1.870000 1.870000 1.870000 2.380000 2.380000 1.870000 2.380000 1.870000 2.380000 2.380000 1.870000 1.870000 1.870000 2.380000 1.870000 1.870000 
2.380000 2.380000 1.870000 2.380000 2.380000 2.380000 2.380000 2.380000 2.380000 2.380000 2.380000 1.870000 2.380000 2.380000 1.870000 1.870000 1.870000 2.380000 2.380000 1.870000 2.380000 1.870000 2.380000 2.380000 1.870000 1.870000 1.870000 2.380000 1.870000 1.870000 2.380000 2.380000 1.870000 2.380000 2.380000 2.380000 2.380000 2.380000 2.380000 2.380000 2.380000 1.870000 2.380000 2.380000 1.870000 1.870000 1.870000 2.380000 2.380000 1.870000 2.380000 1.870000 2.380000 2.380000 1.870000 1.870000 1.870000 2.380000 1.870000 1.870000 
2.380000 2.380000 1.870000 2.380000 2.380000 2.380000 2.380000 2.380000 2.380000 2.380000 2.380000 1.870000 2.380000 2.380000 1.870000 1.870000 1.870000 2.380000 2.380000 1.870000 2.380000 1.870000 2.380000 2.380000 1.870000 1.870000 1.870000 2.380000 1.870000 1.870000 2.380000 2.380000 1.870000 2.380000 2.380000 2.380000 2.380000 2.380000 2.380000 2.380000 2.380000 1.870000 2.380000 2.380000 1.870000 1.870000 1.870000 2.380000 2.380000 1.870000 2.380000 1.870000 2.380000 2.380000 1.870000 1.870000 1.870000 2.380000 1.870000 1.870000 
2.890000 2.890000 2.380000 2.890000 2.890000 2.890000 2.890000 2.890000 2.890000 2.890000 2.890000 2.380000 2.890000 2.890000 2.380000 2.380000 2.380000 2.890000 2.890000 2.380000 2.890000 2.380000 2.890000 2.890000 2.380000 2.380000 2.380000 2.890000 2.380000 2.380000 2.890000 2.890000 2.380000 2.890000 2.890000 2.890000 2.890000 2.890000 2.890000 2.890000 2.890000 2.380000 2.890000 2.890000 2.380000 2.380000 2.380000 2.890000 2.890000 2.380000 2.890000 2.380000 2.890000 2.890000 2.380000 2.380000 2.380000 2.890000 2.380000 2.380000 
2.890000 2.890000 2.380000 2.890000 2.890000 2.890000 2.890000 2.890000 2.890000 2.890000 2.890000 2.380000 2.890000 2.890000 2.380000 2.380000 2.380000 2.890000 2.890000 2.380000 2.890000 2.380000 2.890000 2.890000 2.380000 2.380000 2.380000 2.890000 2.380000 2.380000 2.890000 2.890000 2.380000 2.890000 2.890000 2.890000 2.890000 2.890000 2.890000 2.890000 2.890000 2.380000 2.890000 2.890000 2.380000 2.380000 2.380000 2.890000 2.890000 2.380000 2.890000 2.380000 2.890000 2.890000 2.380000 2.380000 2.380000 2.890000 2.380000 2.380000 
2.380000 2.380000 1.870000 2.380000 2.380000 2.380000 2.380000 2.380000 2.380000 2.380000 2.380000 1.870000 2.380000 2.380000 1.870000 1.870000 1.870000 2.380000 2.380000 1.870000 2.380000 1.870000 2.380000 2.380000 1.870000 1.870000 1.870000 2.380000 1.870000 1.870000 2.380000 2.380000 1.870000 2.380000 2.380000 2.380000 2.380000 2.380000 2.380000 2.380000 2.380000 1.870000 2.380000 2.380000 1.870000 1.870000 1.870000 2.380000 2.380000 1.870000 2.380000 1.870000 2.380000 2.380000 1.870000 1.870000 1.870000 2.380000 1.870000 1.870000 
2.890000 2.890000 2.380000 2.890000 2.890000 2.890000 2.890000 2.890000 2.890000 2.890000 2.890000 2.380000 2.890000 2.890000 2.380000 2.380000 2.380000 2.890000 2.890000 2.380000 2.890000 2.380000 2.890000 2.890000 2.380000 2.380000 2.380000 2.890000 2.380000 2.380000 2.890000 2.890000 2.380000 2.890000 2.890000 2.890000 2.890000 2.890000 2.890000 2.890000 2.890000 2.380000 2.890000 2.890000 2.380000 2.380000 2.380000 2.890000 2.890000 2.380000 2.890000 2.380000 2.890000 2.890000 2.380000 2.380000 2.380000 2.890000 2.380000 2.380000 
2.380000 2.380000 1.870000 2.380000 2.380000 2.380000 2.380000 2.380000 2.380000 2.380000 2.380000 1.870000 2.380000 2.380000 1.870000 1.870000 1.870000 2.380000 2.380000 1.870000 2.380000 1.870000 2.380000 2.380000 1.870000 1.870000 1.870000 2.380000 1.870000 1.870000 2.380000 2.380000 1.870000 2.380000 2.380000 2.380000 2.380000 2.380000 2.380000 2.380000 2.380000 1.870000 2.380000 2.380000 1.870000 1.870000 1.870000 2.380000 2.380000 1.870000 2.380000 1.870000 2.380000 2.380000 1.870000 1.870000 1.870000 2.380000 1.870000 1.870000 
2.890000 2.890000 2.380000 2.890000 2.890000 2.890000 2.890000 2.890000 2.890000 2.890000 2.890000 2.380000 2.890000 2.890000 2.380000 2.380000 2.380000 2.890000 2.890000 2.380000 2.890000 2.380000 2.890000 2.890000 2.380000 2.380000 2.380000 2.890000 2.380000 2.380000 2.890000 2.890000 2.380000 2.890000 2.890000 2.890000 2.890000 2.890000 2.890000 2.890000 2.890000 2.380000 2.890000 2.890000 2.380000 2.380000 2.380000 2.890000 2.890000 2.380000 2.890000 2.380000 2.890000 2.890000 2.380000 2.380000 2.380000 2.890000 2.380000 2.380000 
2.890000 2.890000 2.380000 2.890000 2.890000 2.890000 2.890000 2.890000 2.890000 2.890000 2.890000 2.380000 2.890000 2.890000 2.380000 2.380000 2.380000 2.890000 2.890000 2.380000 2.890000 2.380000 2.890000 2.890000 2.380000 2.380000 2.380000 2.890000 2.380000 2.380000 2.890000 2.890000 2.380000 2.890000 2.890000 2.890000 2.890000 2.890000 2.890000 2.890000 2.890000 2.380000 2.890000 2.890000 2.380000 2.380000 2.380000 2.890000 2.890000 2.380000 2.890000 2.380000 2.890000 2.890000 2.380000 2.380000 2.380000 2.890000 2.380000 2.380000 
2.380000 2.380000 1.870000 2.380000 2.380000 2.380000 2.380000 2.380000 2.380000 2.380000 2.380000 1.870000 2.380000 2.380000 1.870000 1.870000 1.870000 2.380000 2.380000 1.870000 2.380000 1.870000 2.380000 2.380000 1.870000 1.870000 1.870000 2.380000 1.870000 1.870000 2.380000 2.380000 1.870000 2.380000 2.380000 2.380000 2.380000 2.380000 2.380000 2.380000 2.380000 1.870000 2.380000 2.380000 1.870000 1.870000 1.870000 2.380000 2.380000 1.870000 2.380000 1.870000 2.380000 2.380000 1.870000 1.870000 1.870000 2.380000 1.870000 1.870000 
2.380000 2.380000 1.870000 2.380000 2.380000 2.380000 2.380000 2.380000 2.380000 2.380000 2.380000 1.870000 2.380000 2.380000 1.870000 1.870000 1.870000 2.380000 2.380000 1.870000 2.380000 1.870000 2.380000 2.380000 1.870000 1.870000 1.870000 2.380000 1.870000 1.870000 2.380000 2.380000 1.870000 2.380000 2.380000 2.380000 2.380000 2.380000 2.380000 2.380000 2.380000 1.870000 2.380000 2.380000 1.870000 1.870000 1.870000 2.380000 2.380000 1.870000 2.380000 1.870000 2.380000 2.380000 1.870000 1.870000 1.870000 2.380000 1.870000 1.870000 
2.380000 2.380000 1.870000 2.380000 2.380000 2.380000 2.380000 2.380000 2.380000 2.380000 2.380000 1.870000 2.380000 2.380000 1.870000 1.870000 1.870000 2.380000 2.380000 1.870000 2.380000 1.870000 2.380000 2.380000 1.870000 1.870000 1.870000 2.380000 1.870000 1.870000 2.380000 2.380000 1.870000 2.380000 2.380000 2.380000 2.380000 2.380000 2.380000 2.380000 2.380000 1.870000 2.380000 2.380000 1.870000 1.870000 1.870000 2.380000 2.380000 1.870000 2.380000 1.870000 2.380000 2.380000 1.870000 1.870000 1.870000 2.380000 1.870000 1.870000 
2.890000 2.890000 2.380000 2.890000 2.890000 2.890000 2.890000 2.890000 2.890000 2.890000 2.890000 2.380000 2.890000 2.890000 2.380000 2.380000 2.380000 2.890000 2.890000 2.380000 2.890000 2.380000 2.890000 2.890000 2.380000 2.380000 2.380000 2.890000 2.380000 2.380000 2.890000 2.890000 2.380000 2.890000 2.890000 2.890000 2.890000 2.890000 2.890000 2.890000 2.890000 2.380000 2.890000 2.890000 2.380000 2.380000 2.380000 2.890000 2.890000 2.380000 2.890000 2.380000 2.890000 2.890000 2.380000 2.380000 2.380000 2.890000 2.380000 2.380000 
2.380000 2.380000 1.870000 2.380000 2.380000 2.380000 2.380000 2.380000 2.380000 2.380000 2.380000 1.870000 2.380000 2.380000 1.870000 1.870000 1.870000 2.380000 2.380000 1.870000 2.380000 1.870000 2.380000 2.380000 1.870000 1.870000 1.870000 2.380000 1.870000 1.870000 2.380000 2.380000 1.870000 2.380000 2.380000 2.380000 2.380000 2.380000 2.380000 2.380000 2.380000 1.870000 2.380000 2.380000 1.870000 1.870000 1.870000 2.380000 2.380000 1.870000 2.380000 1.870000 2.380000 2.380000 1.870000 1.870000 1.870000 2.380000 1.870000 1.870000 
2.380000 2.380000 1.870000 2.380000 2.380000 2.380000 2.380000 2.380000 2.380000 2.380000 2.380000 1.870000 2.380000 2.380000 1.870000 1.870000 1.870000 2.380000 2.380000 1.870000 2.380000 1.870000 2.380000 2.380000 1.870000 1.870000 1.870000 2.380000 1.870000 1.870000 2.380000 2.380000 1.870000 2.380000 2.380000 2.380000 2.380000 2.380000 2.380000 2.380000 2.380000 1.870000 2.380000 2.380000 1.870000 1.870000 1.870000 2.380000 2.380000 1.870000 2.380000 1.870000 2.380000 2.380000 1.870000 1.870000 1.870000 2.380000 1.870000 1.870000 
2.890000 2.890000 2.380000 2.890000 2.890000 2.890000 2.890000 2.890000 2.890000 2.890000 2.890000 2.380000 2.890000 2.890000 2.380000 2.380000 2.380000 2.890000 2.890000 2.380000 2.890000 2.380000 2.890000 2.890000 2.380000 2.380000 2.380000 2.890000 2.380000 2.380000 2.890000 2.890000 2.380000 2.890000 2.890000 2.890000 2.890000 2.890000 2.890000 2.890000 2.890000 2.380000 2.890000 2.890000 2.380000 2.380000 2.380000 2.890000 2.890000 2.380000 2.890000 2.380000 2.890000 2.890000 2.380000 2.380000 2.380000 2.890000 2.380000 2.380000 
2.890000 2.890000 2.380000 2.890000 2.890000 2.890000 2.890000 2.890000 2.890000 2.890000 2.890000 2.380000 2.890000 2.890000 2.380000 2.380000 2.380000 2.890000 2.890000 2.380000 2.890000 2.380000 2.890000 2.890000 2.380000 2.380000 2.380000 2.890000 2.380000 2.380000 2.890000 2.890000 2.380000 2.890000 2.890000 2.890000 2.890000 2.890000 2.890000 2.890000 2.890000 2.380000 2.890000 2.890000 2.380000 2.380000 2.380000 2.890000 2.890000 2.380000 2.890000 2.380000 2.890000 2.890000 2.380000 2.380000 2.380000 2.890000 2.380000 2.380000 
2.380000 2.380000 1.870000 2.380000 2.380000 2.380000 2.380000 2.380000 2.380000 2.380000 2.380000 1.870000 2.380000 2.380000 1.870000 1.870000 1.870000 2.380000 2.380000 1.870000 2.380000 1.870000 2.380000 2.380000 1.870000 1.870000 1.870000 2.380000 1.870000 1.870000 2.380000 2.380000 1.870000 2.380000 2.380000 2.380000 2.380000 2.380000 2.380000 2.380000 2.380000 1.870000 2.380000 2.380000 1.870000 1.870000 1.870000 2.380000 2.380000 1.870000 2.380000 1.870000 2.380000 2.380000 1.870000 1.870000 1.870000 2.380000 1.870000 1.870000 
2.890000 2.890000 2.380000 2.890000 2.890000 2.890000 2.890000 2.890000 2.890000 2.890000 2.890000 2.380000 2.890000 2.890000 2.380000 2.380000 2.380000 2.890000 2.890000 2.380000 2.890000 2.380000 2.890000 2.890000 2.380000 2.380000 2.380000 2.890000 2.380000 2.380000 2.890000 2.890000 2.380000 2.890000 2.890000 2.890000 2.890000 2.890000 2.890000 2.890000 2.890000 2.380000 2.890000 2.890000 2.380000 2.380000 2.380000 2.890000 2.890000 2.380000 2.890000 2.380000 2.890000 2.890000 2.380000 2.380000 2.380000 2.890000 2.380000 2.380000 
2.890000 2.890000 2.380000 2.890000 2.890000 2.890000 2.890000 2.890000 2.890000 2.890000 2.890000 2.380000 2.890000 2.890000 2.380000 2.380000 2.380000 2.890000 2.890000 2.380000 2.890000 2.380000 2.890000 2.890000 2.380000 2.380000 2.380000 2.890000 2.380000 2.380000 2.890000 2.890000 2.380000 2.890000 2.890000 2.890000 2.890000 2.890000 2.890000 2.890000 2.890000 2.380000 2.890000 2.890000 2.380000 2.380000 2.380000 2.890000 2.890000 2.380000 2.890000 2.380000 2.890000 2.890000 2.380000 2.380000 2.380000 2.890000 2.380000 2.380000 
2.890000 2.890000 2.380000 2.890000 2.890000 2.890000 2.890000 2.890000 2.890000 2.890000 2.890000 2.380000 2.890000 2.890000 2.380000 2.380000 2.380000 2.890000 2.890000 2.380000 2.890000 2.380000 2.890000 2.890000 2.380000 2.380000 2.380000 2.890000 2.380000 2.380000 2.890000 2.890000 2.380000 2.890000 2.890000 2.890000 2.890000 2.890000 2.890000 2.890000 2.890000 2.380000 2.890000 2.890000 2.380000 2.380000 2.380000 2.890000 2.890000 2.380000 2.890000 2.380000 2.890000 2.890000 2.380000 2.380000 2.380000 2.890000 2.380000 2.380000 
2.890000 2.890000 2.380000 2.890000 2.890000 2.890000 2.890000 2.890000 2.890000 2.890000 2.890000 2.380000 2.890000 2.890000 2.380000 2.380000 2.380000 2.890000 2.890000 2.380000 2.890000 2.380000 2.890000 2.890000 2.380000 2.380000 2.380000 2.890000 2.380000 2.380000 2.890000 2.890000 2.380000 2.890000 2.890000 2.890000 2.890000 2.890000 2.890000 2.890000 2.890000 2.380000 2.890000 2.890000 2.380000 2.380000 2.380000 2.890000 2.890000 2.380000 2.890000 2.380000 2.890000 2.890000 2.380000 2.380000 2.380000 2.890000 2.380000 2.380000 
2.890000 2.890000 2.380000 2.890000 2.890000 2.890000 2.890000 2.890000 2.890000 2.890000 2.890000 2.380000 2.890000 2.890000 2.380000 2.380000 2.380000 2.890000 2.890000 2.380000 2.890000 2.380000 2.890000 2.890000 2.380000 2.380000 2.380000 2.890000 2.380000 2.380000 2.890000 2.890000 2.380000 2.890000 2.890000 2.890000 2.890000 2.890000 2.890000 2.890000 2.890000 2.380000 2.890000 2.890000 2.380000 2.380000 2.380000 2.890000 2.890000 2.380000 2.890000 2.380000 2.890000 2.890000 2.380000 2.380000 2.380000 2.890000 2.380000 2.380000 
2.890000 2.890000 2.380000 2.890000 2.890000 2.890000 2.890000 2.890000 2.890000 2.890000 2.890000 2.380000 2.890000 2.890000 2.380000 2.380000 2.380000 2.890000 2.890000 2.380000 2.890000 2.380000 2.890000 2.890000 2.380000 2.380000 2.380000 2.890000 2.380000 2.380000 2.890000 2.890000 2.380000 2.890000 2.890000 2.890000 2.890000 2.890000 2.890000 2.890000 2.890000 2.380000 2.890000 2.890000 2.380000 2.380000 2.380000 2.890000 2.890000 2.380000 2.890000 2.380000 2.890000 2.890000 2.380000 2.380000 2.380000 2.890000 2.380000 2.380000 
2.890000 2.890000 2.380000 2.890000 2.890000 2.890000 2.890000 2.890000 2.890000 2.890000 2.890000 2.380000 2.890000 2.890000 2.380000 2.380000 2.380000 2.890000 2.890000 2.380000 2.890000 2.380000 2.890000 2.890000 2.380000 2.380000 2.380000 2.890000 2.380000 2.380000 2.890000 2.890000 2.380000 2.890000 2.890000 2.890000 2.890000 2.890000 2.890000 2.890000 2.890000 2.380000 2.890000 2.890000 2.380000 2.380000 2.380000 2.890000 2.890000 2.380000 2.890000 2.380000 2.890000 2.890000 2.380000 2.380000 2.380000 2.890000 2.380000 2.380000 
2.890000 2.890000 2.380000 2.890000 2.890000 2.890000 2.890000 2.890000 2.890000 2.890000 2.890000 2.380000 2.890000 2.890000 2.380000 2.380000 2.380000 2.890000 2.890000 2.380000 2.890000 2.380000 2.890000 2.890000 2.380000 2.380000 2.380000 2.890000 2.380000 2.380000 2.890000 2.890000 2.380000 2.890000 2.890000 2.890000 2.890000 2.890000 2.890000 2.890000 2.890000 2.380000 2.890000 2.890000 2.380000 2.380000 2.380000 2.890000 2.890000 2.380000 2.890000 2.380000 2.890000 2.890000 2.380000 2.380000 2.380000 2.890000 2.380000 2.380000 
2.380000 2.380000 1.870000 2.380000 2.380000 2.380000 2.380000 2.380000 2.380000 2.380000 2.380000 1.870000 2.380000 2.380000 1.870000 1.870000 1.870000 2.380000 2.380000 1.870000 2.380000 1.870000 2.380000 2.380000 1.870000 1.870000 1.870000 2.380000 1.870000 1.870000 2.380000 2.380000 1.870000 2.380000 2.380000 2.380000 2.380000 2.380000 2.380000 2.380000 2.380000 1.870000 2.380000 2.380000 1.870000 1.870000 1.870000 2.380000 2.380000 1.870000 2.380000 1.870000 2.380000 2.380000 1.870000 1.870000 1.870000 2.380000 1.870000 1.870000 
2.890000 2.890000 2.380000 2.890000 2.890000 2.890000 2.890000 2.890000 2.890000 2.890000 2.890000 2.380000 2.890000 2.890000 2.380000 2.380000 2.380000 2.890000 2.890000 2.380000 2.890000 2.380000 2.890000 2.890000 2.380000 2.380000 2.380000 2.890000 2.380000 2.380000 2.890000 2.890000 2.380000 2.890000 2.890000 2.890000 2.890000 2.890000 2.890000 2.890000 2.890000 2.380000 2.890000 2.890000 2.380000 2.380000 2.380000 2.890000 2.890000 2.380000 2.890000 2.380000 2.890000 2.890000 2.380000 2.380000 2.380000 2.890000 2.380000 2.380000 
2.890000 2.890000 2.380000 2.890000 2.890000 2.890000 2.890000 2.890000 2.890000 2.890000 2.890000 2.380000 2.890000 2.890000 2.380000 2.380000 2.380000 2.890000 2.890000 2.380000 2.890000 2.380000 2.890000 2.890000 2.380000 2.380000 2.380000 2.890000 2.380000 2.380000 2.890000 2.890000 2.380000 2.890000 2.890000 2.890000 2.890000 2.890000 2.890000 2.890000 2.890000 2.380000 2.890000 2.890000 2.380000 2.380000 2.380000 2.890000 2.890000 2.380000 2.890000 2.380000 2.890000 2.890000 2.380000 2.380000 2.380000 2.890000 2.380000 2.380000 
2.380000 2.380000 1.870000 2.380000 2.380000 2.380000 2.380000 2.380000 2.380000 2.380000 2.380000 1.870000 2.380000 2.380000 1.870000 1.870000 1.870000 2.380000 2.380000 1.870000 2.380000 1.870000 2.380000 2.380000 1.870000 1.870000 1.870000 2.380000 1.870000 1.870000 2.380000 2.380000 1.870000 2.380000 2.380000 2.380000 2.380000 2.380000 2.380000 2.380000 2.380000 1.870000 2.380000 2.380000 1.870000 1.870000 1.870000 2.380000 2.380000 1.870000 2.380000 1.870000 2.380000 2.380000 1.870000 1.870000 1.870000 2.380000 1.870000 1.870000 
2.380000 2.380000 1.870000 2.380000 2.380000 2.380000 2.380000 2.380000 2.380000 2.380000 2.380000 1.870000 2.380000 2.380000 1.870000 1.870000 1.870000 2.380000 2.380000 1.870000 2.380000 1.870000 2.380000 2.380000 1.870000 1.870000 1.870000 2.380000 1.870000 1.870000 2.380000 2.380000 1.870000 2.380000 2.380000 2.380000 2.380000 2.380000 2.380000 2.380000 2.380000 1.870000 2.380000 2.380000 1.870000 1.870000 1.870000 2.380000 2.380000 1.870000 2.380000 1.870000 2.380000 2.380000 1.870000 1.870000 1.870000 2.380000 1.870000 1.870000 
2.380000 2.380000 1.870000 2.380000 2.380000 2.380000 2.380000 2.380000 2.380000 2.380000 2.380000 1.870000 2.380000 2.380000 1.870000 1.870000 1.870000 2.380000 2.380000 1.870000 2.380000 1.870000 2.380000 2.380000 1.870000 1.870000 1.870000 2.380000 1.870000 1.870000 2.380000 2.380000 1.870000 2.380000 2.380000 2.380000 2.380000 2.380000 2.380000 2.380000 2.380000 1.870000 2.380000 2.380000 1.870000 1.870000 1.870000 2.380000 2.380000 1.870000 2.380000 1.870000 2.380000 2.380000 1.870000 1.870000 1.870000 2.380000 1.870000 1.870000 
2.890000 2.890000 2.380000 2.890000 2.890000 2.890000 2.890000 2.890000 2.890000 2.890000 2.890000 2.380000 2.890000 2.890000 2.380000 2.380000 2.380000 2.890000 2.890000 2.380000 2.890000 2.380000 2.890000 2.890000 2.380000 2.380000 2.380000 2.890000 2.380000 2.380000 2.890000 2.890000 2.380000 2.890000 2.890000 2.890000 2.890000 2.890000 2.890000 2.890000 2.890000 2.380000 2.890000 2.890000 2.380000 2.380000 2.380000 2.890000 2.890000 2.380000 2.890000 2.380000 2.890000 2.890000 2.380000 2.380000 2.380000 2.890000 2.380000 2.380000 
2.890000 2.890000 2.380000 2.890000 2.890000 2.890000 2.890000 2.890000 2.890000 2.890000 2.890000 2.380000 2.890000 2.890000 2.380000 2.380000 2.380000 2.890000 2.890000 2.380000 2.890000 2.380000 2.890000 2.890000 2.380000 2.380000 2.380000 2.890000 2.380000 2.380000 2.890000 2.890000 2.380000 2.890000 2.890000 2.890000 2.890000 2.890000 2.890000 2.890000 2.890000 2.380000 2.890000 2.890000 2.380000 2.380000 2.380000 2.890000 2.890000 2.380000 2.890000 2.380000 2.890000 2.890000 2.380000 2.380000 2.380000 2.890000 2.380000 2.380000 
2.380000 2.380000 1.870000 2.380000 2.380000 2.380000 2.380000 2.380000 2.380000 2.380000 2.380000 1.870000 2.380000 2.380000 1.870000 1.870000 1.870000 2.380000 2.380000 1.870000 2.380000 1.870000 2.380000 2.380000 1.870000 1.870000 1.870000 2.380000 1.870000 1.870000 2.380000 2.380000 1.870000 2.380000 2.380000 2.380000 2.380000 2.380000 2.380000 2.380000 2.380000 1.870000 2.380000 2.380000 1.870000 1.870000 1.870000 2.380000 2.380000 1.870000 2.380000 1.870000 2.380000 2.380000 1.870000 1.870000 1.870000 2.380000 1.870000 1.870000 
2.890000 2.890000 2.380000 2.890000 2.890000 2.890000 2.890000 2.890000 2.890000 2.890000 2.890000 2.380000 2.890000 2.890000 2.380000 2.380000 2.380000 2.890000 2.890000 2.380000 2.890000 2.380000 2.890000 2.890000 2.380000 2.380000 2.380000 2.890000 2.380000 2.380000 2.890000 2.890000 2.380000 2.890000 2.890000 2.890000 2.890000 2.890000 2.890000 2.890000 2.890000 2.380000 2.890000 2.890000 2.380000 2.380000 2.380000 2.890000 2.890000 2.380000 2.890000 2.380000 2.890000 2.890000 2.380000 2.380000 2.380000 2.890000 2.380000 2.380000 
2.380000 2.380000 1.870000 2.380000 2.380000 2.380000 2.380000 2.380000 2.380000 2.380000 2.380000 1.870000 2.380000 2.380000 1.870000 1.870000 1.870000 2.380000 2.380000 1.870000 2.380000 1.870000 2.380000 2.380000 1.870000 1.870000 1.870000 2.380000 1.870000 1.870000 2.380000 2.380000 1.870000 2.380000 2.380000 2.380000 2.380000 2.380000 2.380000 2.380000 2.380000 1.870000 2.380000 2.380000 1.870000 1.870000 1.870000 2.380000 2.380000 1.870000 2.380000 1.870000 2.380000 2.380000 1.870000 1.870000 1.870000 2.380000 1.870000 1.870000 
2.890000 2.890000 2.380000 2.890000 2.890000 2.890000 2.890000 2.890000 2.890000 2.890000 2.890000 2.380000 2.890000 2.890000 2.380000 2.380000 2.380000 2.890000 2.890000 2.380000 2.890000 2.380000 2.890000 2.890000 2.380000 2.380000 2.380000 2.890000 2.380000 2.380000 2.890000 2.890000 2.380000 2.890000 2.890000 2.890000 2.890000 2.890000 2.890000 2.890000 2.890000 2.380000 2.890000 2.890000 2.380000 2.380000 2.380000 2.890000 2.890000 2.380000 2.890000 2.380000 2.890000 2.890000 2.380000 2.380000 2.380000 2.890000 2.380000 2.380000 
2.890000 2.890000 2.380000 2.890000 2.890000 2.890000 2.890000 2.890000 2.890000 2.890000 2.890000 2.380000 2.890000 2.890000 2.380000 2.380000 2.380000 2.890000 2.890000 2.380000 2.890000 2.380000 2.890000 2.890000 2.380000 2.380000 2.380000 2.890000 2.380000 2.380000 2.890000 2.890000 2.380000 2.890000 2.890000 2.890000 2.890000 2.890000 2.890000 2.890000 2.890000 2.380000 2.890000 2.890000 2.380000 2.380000 2.380000 2.890000 2.890000 2.380000 2.890000 2.380000 2.890000 2.890000 2.380000 2.380000 2.380000 2.890000 2.380000 2.380000 
2.380000 2.380000 1.870000 2.380000 2.380000 2.380000 2.380000 2.380000 2.380000 2.380000 2.380000 1.870000 2.380000 2.380000 1.870000 1.870000 1.870000 2.380000 2.380000 1.870000 2.380000 1.870000 2.380000 2.380000 1.870000 1.870000 1.870000 2.380000 1.870000 1.870000 2.380000 2.380000 1.870000 2.380000 2.380000 2.380000 2.380000 2.380000 2.380000 2.380000 2.380000 1.870000 2.380000 2.380000 1.870000 1.870000 1.870000 2.380000 2.380000 1.870000 2.380000 1.870000 2.380000 2.380000 1.870000 1.870000 1.870000 2.380000 1.870000 1.870000 
2.380000 2.380000 1.870000 2.380000 2.380000 2.380000 2.380000 2.380000 2.380000 2.380000 2.380000 1.870000 2.380000 2.380000 1.870000 1.870000 1.870000 2.380000 2.380000 1.870000 2.380000 1.870000 2.380000 2.380000 1.870000 1.870000 1.870000 2.380000 1.870000 1.870000 2.380000 2.380000 1.870000 2.380000 2.380000 2.380000 2.380000 2.380000 2.380000 2.380000 2.380000 1.870000 2.380000 2.380000 1.870000 1.870000 1.870000 2.380000 2.380000 1.870000 2.380000 1.870000 2.380000 2.380000 1.870000 1.870000 1.870000 2.380000 1.870000 1.870000 
2.380000 2.380000 1.870000 2.380000 2.380000 2.380000 2.380000 2.380000 2.380000 2.380000 2.380000 1.870000 2.380000 2.380000 1.870000 1.870000 1.870000 2.380000 2.380000 1.870000 2.380000 1.870000 2.380000 2.380000 1.870000 1.870000 1.870000 2.380000 1.870000 1.870000 2.380000 2.380000 1.870000 2.380000 2.380000 2.380000 2.380000 2.380000 2.380000 2.380000 2.380000 1.870000 2.380000 2.380000 1.870000 1.870000 1.870000 2.380000 2.380000 1.870000 2.380000 1.870000 2.380000 2.380000 1.870000 1.870000 1.870000 2.380000 1.870000 1.870000 
2.890000 2.890000 2.380000 2.890000 2.890000 2.890000 2.890000 2.890000 2.890000 2.890000 2.890000 2.380000 2.890000 2.890000 2.380000 2.380000 2.380000 2.890000 2.890000 2.380000 2.890000 2.380000 2.890000 2.890000 2.380000 2.380000 2.380000 2.890000 2.380000 2.380000 2.890000 2.890000 2.380000 2.890000 2.890000 2.890000 2.890000 2.890000 2.890000 2.890000 2.890000 2.380000 2.890000 2.890000 2.380000 2.380000 2.380000 2.890000 2.890000 2.380000 2.890000 2.380000 2.890000 2.890000 2.380000 2.380000 2.380000 2.890000 2.380000 2.380000 
2.380000 2.380000 1.870000 2.380000 2.380000 2.380000 2.380000 2.380000 2.380000 2.380000 2.380000 1.870000 2.380000 2.380000 1.870000 1.870000 1.870000 2.380000 2.380000 1.870000 2.380000 1.870000 2.380000 2.380000 1.870000 1.870000 1.870000 2.380000 1.870000 1.870000 2.380000 2.380000 1.870000 2.380000 2.380000 2.380000 2.380000 2.380000 2.380000 2.380000 2.380000 1.870000 2.380000 2.380000 1.870000 1.870000 1.870000 2.380000 2.380000 1.870000 2.380000 1.870000 2.380000 2.380000 1.870000 1.870000 1.870000 2.380000 1.870000 1.870000 
2.380000 2.380000 1.870000 2.380000 2.380000 2.380000 2.380000 2.380000 2.380000 2.380000 2.380000 1.870000 2.380000 2.380000 1.870000 1.870000 1.870000 2.380000 2.380000 1.870000 2.380000 1.870000 2.380000 2.380000 1.870000 1.870000 1.870000 2.380000 1.870000 1.870000 2.380000 2.380000 1.870000 2.380000 2.380000 2.380000 2.380000 2.380000 2.380000 2.380000 2.380000 1.870000 2.380000 2.380000 1.870000 1.870000 1.870000 2.380000 2.380000 1.870000 2.380000 1.870000 2.380000 2.380000 1.870000 1.870000 1.870000 2.380000 1.870000 1.870000 
